   0/399       17/17     0.177         0         2      7.36      9.54        12       480    0.00602      0.112    0.00236     0.0114       8.04
   1/399       17/17     0.179         0      1.76      2.85      4.79        12       480    0.00602      0.112    0.00236     0.0114       8.04
   2/399       17/17     0.176         0      1.46      1.69      3.32        13       480    0.00602      0.112    0.00236     0.0114       8.04
   3/399       17/17     0.168         0       1.2     0.955      2.32         7       480   0.000417     0.0106   1.77e-05   0.000802       1.96
   4/399       17/17      0.16         0     0.997     0.685      1.84         7       480   0.000417     0.0106   1.77e-05   0.000802       1.96
   5/399       17/17     0.158         0     0.841      0.56      1.56        13       480   0.000417     0.0106   1.77e-05   0.000802       1.96
   6/399       17/17     0.155         0      0.72     0.477      1.35        12       480          0          0          0          0       1.28
   7/399       17/17     0.149         0     0.624     0.445      1.22         7       480          0          0          0          0       1.28
   8/399       17/17     0.144         0     0.546     0.398      1.09         5       288          0          0          0          0       1.28
   9/399       17/17     0.162         0     0.532      1.24      1.93         4       288   0.000246    0.00438   7.15e-06   0.000465       1.15
  10/399       17/17     0.156         0     0.488     0.919      1.56        12       288   0.000246    0.00438   7.15e-06   0.000465       1.15
  11/399       17/17     0.153         0     0.447     0.724      1.32         7       288   0.000246    0.00438   7.15e-06   0.000465       1.15
  12/399       17/17     0.149         0     0.419      0.67      1.24         7       288    0.00399      0.075     0.0104    0.00758       0.91
  13/399       17/17     0.145         0     0.371     0.491      1.01         3       416    0.00399      0.075     0.0104    0.00758       0.91
  14/399       17/17     0.137         0     0.342     0.317     0.795        13       416    0.00399      0.075     0.0104    0.00758       0.91
  15/399       17/17     0.136         0     0.318     0.343     0.797        14       416     0.0042     0.0831     0.0108      0.008      0.681
  16/399       17/17     0.133         0     0.304      0.28     0.717        13       416     0.0042     0.0831     0.0108      0.008      0.681
  17/399       17/17     0.133         0     0.283      0.32     0.737        12       544     0.0042     0.0831     0.0108      0.008      0.681
  18/399       17/17     0.134         0     0.253     0.207     0.594         5       544    0.00556      0.108     0.0163     0.0106      0.862
  19/399       17/17      0.13         0      0.24     0.337     0.707         5       544    0.00556      0.108     0.0163     0.0106      0.862
  20/399       17/17      0.13         0      0.23     0.251      0.61         3       544    0.00556      0.108     0.0163     0.0106      0.862
  21/399       17/17     0.126         0     0.221     0.202     0.549        14       544     0.0119      0.181      0.029     0.0223      0.515
  22/399       17/17     0.126         0     0.218     0.215      0.56         4       512     0.0119      0.181      0.029     0.0223      0.515
  23/399       17/17     0.123         0      0.21     0.176     0.509         7       512     0.0119      0.181      0.029     0.0223      0.515
  24/399       17/17     0.124         0     0.206      0.16      0.49        13       512     0.0189      0.205     0.0514     0.0346      0.482
  25/399       17/17     0.121         0     0.197     0.199     0.517        14       512     0.0189      0.205     0.0514     0.0346      0.482
  26/399       17/17     0.122         0     0.193     0.201     0.516         4       480     0.0189      0.205     0.0514     0.0346      0.482
  27/399       17/17      0.12         0     0.194     0.172     0.486        12       480     0.0279      0.244     0.0965     0.0499      0.492
  28/399       17/17     0.122         0     0.186     0.203     0.511        12       480     0.0279      0.244     0.0965     0.0499      0.492
  29/399       17/17     0.119         0     0.181     0.163     0.464        14       480     0.0279      0.244     0.0965     0.0499      0.492
  30/399       17/17      0.12         0     0.177     0.151     0.448        12       480     0.0269      0.241      0.104     0.0482      0.466
  31/399       17/17     0.122         0     0.184     0.207     0.513         5       416     0.0269      0.241      0.104     0.0482      0.466
  32/399       17/17     0.123         0     0.182     0.212     0.517         4       416     0.0269      0.241      0.104     0.0482      0.466
  33/399       17/17     0.122         0     0.178     0.232     0.532        12       416     0.0328      0.252       0.13      0.058       0.45
  34/399       17/17     0.121         0     0.174     0.254     0.549         5       416     0.0328      0.252       0.13      0.058       0.45
  35/399       17/17     0.117         0     0.162     0.179     0.459        12       512     0.0328      0.252       0.13      0.058       0.45
  36/399       17/17     0.116         0     0.149     0.275      0.54         7       512     0.0305      0.269      0.133     0.0548      0.452
  37/399       17/17     0.116         0     0.147     0.162     0.425         5       512     0.0305      0.269      0.133     0.0548      0.452
  38/399       17/17     0.115         0     0.143     0.233     0.492         5       512     0.0305      0.269      0.133     0.0548      0.452
  39/399       17/17     0.114         0     0.141     0.184     0.439         5       512     0.0411      0.286      0.116     0.0719      0.424
  40/399       17/17     0.117         0     0.149     0.171     0.438         3       448     0.0411      0.286      0.116     0.0719      0.424
  41/399       17/17     0.116         0     0.145     0.167     0.428        12       448     0.0411      0.286      0.116     0.0719      0.424
  42/399       17/17     0.116         0     0.145      0.16     0.421        14       448     0.0512      0.309      0.159     0.0879      0.387
  43/399       17/17     0.115         0     0.141     0.154      0.41         7       448     0.0512      0.309      0.159     0.0879      0.387
  44/399       17/17     0.116         0     0.131     0.287     0.534        12       576     0.0512      0.309      0.159     0.0879      0.387
  45/399       17/17      0.11         0     0.118     0.184     0.411         8       576     0.0366      0.253      0.106     0.0638      0.382
  46/399       17/17     0.111         0     0.116     0.184      0.41        13       576     0.0366      0.253      0.106     0.0638      0.382
  47/399       17/17     0.111         0     0.114     0.175     0.399         3       576     0.0366      0.253      0.106     0.0638      0.382
  48/399       17/17      0.11         0     0.113     0.163     0.386         7       384     0.0526      0.306      0.146     0.0898      0.372
  49/399       17/17     0.125         0     0.149     0.197     0.472         8       384     0.0526      0.306      0.146     0.0898      0.372
  50/399       17/17      0.12         0     0.145      0.21     0.475        12       384     0.0526      0.306      0.146     0.0898      0.372
  51/399       17/17      0.12         0     0.142     0.178      0.44         3       384     0.0556      0.331      0.185      0.095      0.353
  52/399       17/17     0.117         0     0.141      0.17     0.427        14       384     0.0556      0.331      0.185      0.095      0.353
  53/399       17/17     0.114         0     0.122     0.137     0.372        13       544     0.0556      0.331      0.185      0.095      0.353
  54/399       17/17     0.109         0      0.11     0.201     0.419         5       544     0.0458      0.334      0.166     0.0801      0.341
  55/399       17/17     0.111         0     0.107     0.177     0.396         5       544     0.0458      0.334      0.166     0.0801      0.341
  56/399       17/17     0.112         0     0.106     0.149     0.367        13       544     0.0458      0.334      0.166     0.0801      0.341
  57/399       17/17     0.111         0     0.111     0.237      0.46        14       352     0.0733      0.441      0.191      0.125      0.351
  58/399       17/17     0.123         0     0.145     0.219     0.487         8       352     0.0733      0.441      0.191      0.125      0.351
  59/399       17/17      0.12         0     0.142     0.146     0.408         7       352     0.0733      0.441      0.191      0.125      0.351
  60/399       17/17      0.12         0     0.141     0.226     0.487         4       352     0.0922      0.582       0.21      0.159      0.349
  61/399       17/17     0.118         0      0.14     0.199     0.456         7       352     0.0922      0.582       0.21      0.159      0.349
  62/399       17/17     0.113         0     0.119     0.178     0.411        14       416     0.0922      0.582       0.21      0.159      0.349
  63/399       17/17     0.111         0     0.115     0.153     0.379         3       416     0.0974      0.668      0.228      0.169      0.345
  64/399       17/17      0.11         0     0.115     0.192     0.417         5       416     0.0974      0.668      0.228      0.169      0.345
  65/399       17/17      0.11         0     0.113      0.16     0.382         8       416     0.0974      0.668      0.228      0.169      0.345
  66/399       17/17     0.112         0     0.114     0.189     0.415         7       352     0.0971       0.58      0.243      0.166      0.315
  67/399       17/17     0.114         0     0.127     0.206     0.447         8       352     0.0971       0.58      0.243      0.166      0.315
  68/399       17/17     0.114         0     0.126     0.233     0.473        12       352     0.0971       0.58      0.243      0.166      0.315
  69/399       17/17     0.114         0     0.126     0.207     0.447        13       352      0.111      0.641      0.267      0.187      0.302
  70/399       17/17     0.113         0     0.123     0.161     0.396         7       352      0.111      0.641      0.267      0.187      0.302
  71/399       17/17     0.118         0     0.128     0.223     0.469         7       320      0.111      0.641      0.267      0.187      0.302
  72/399       17/17     0.114         0     0.132     0.267     0.513         8       320       0.11      0.724      0.269       0.19      0.336
  73/399       17/17     0.114         0      0.13     0.192     0.436        14       320       0.11      0.724      0.269       0.19      0.336
  74/399       17/17     0.118         0     0.124     0.294     0.536         7       320       0.11      0.724      0.269       0.19      0.336
  75/399       17/17     0.117         0     0.109     0.258     0.483        12       576      0.108      0.741      0.295      0.187      0.311
  76/399       17/17     0.108         0    0.0893     0.193     0.391         5       576      0.108      0.741      0.295      0.187      0.311
  77/399       17/17      0.11         0    0.0875     0.106     0.304         3       576      0.108      0.741      0.295      0.187      0.311
  78/399       17/17     0.106         0    0.0863     0.153     0.345         5       576      0.106      0.684      0.265      0.183      0.346
  79/399       17/17     0.104         0    0.0848     0.155     0.344         5       576      0.106      0.684      0.265      0.183      0.346
  80/399       17/17     0.109         0    0.0985     0.161     0.368        13       416      0.106      0.684      0.265      0.183      0.346
  81/399       17/17     0.107         0    0.0964     0.244     0.448         8       416      0.131      0.724      0.305       0.22      0.287
  82/399       17/17     0.107         0    0.0958     0.144     0.346        14       416      0.131      0.724      0.305       0.22      0.287
  83/399       17/17     0.105         0    0.0945     0.176     0.376         5       416      0.131      0.724      0.305       0.22      0.287
  84/399       17/17     0.106         0     0.088     0.197     0.392         8       544      0.127      0.714      0.319      0.214      0.293
  85/399       17/17     0.103         0     0.082     0.111     0.296         7       544      0.127      0.714      0.319      0.214      0.293
  86/399       17/17     0.102         0    0.0789     0.174     0.355         7       544      0.127      0.714      0.319      0.214      0.293
  87/399       17/17       0.1         0    0.0777     0.169     0.347         8       544      0.128      0.712      0.318      0.217       0.31
  88/399       17/17    0.0999         0     0.078      0.21     0.388         8       640      0.128      0.712      0.318      0.217       0.31
  89/399       17/17     0.103         0    0.0733     0.313     0.489         7       640      0.128      0.712      0.318      0.217       0.31
  90/399       17/17     0.101         0    0.0732     0.261     0.435        14       640     0.0964      0.373       0.21      0.152      0.308
  91/399       17/17     0.101         0    0.0743      0.18     0.355         6       640     0.0964      0.373       0.21      0.152      0.308
  92/399       17/17    0.0989         0    0.0744     0.252     0.426         5       640     0.0964      0.373       0.21      0.152      0.308
  93/399       17/17    0.0987         0    0.0722     0.235     0.406        13       576      0.102      0.526      0.215      0.169      0.342
  94/399       17/17    0.0987         0    0.0744     0.169     0.343         6       576      0.102      0.526      0.215      0.169      0.342
  95/399       17/17       0.1         0    0.0737     0.203     0.377         3       576      0.102      0.526      0.215      0.169      0.342
  96/399       17/17    0.0983         0    0.0739     0.164     0.336        13       576      0.112      0.494      0.232      0.182      0.313
  97/399       17/17     0.104         0     0.079     0.177      0.36         7       352      0.112      0.494      0.232      0.182      0.313
  98/399       17/17     0.113         0     0.109     0.249     0.471         5       352      0.112      0.494      0.232      0.182      0.313
  99/399       17/17     0.112         0     0.105     0.164     0.381        12       352        0.1      0.417      0.268      0.161      0.315
 100/399       17/17     0.107         0     0.104     0.136     0.348         7       352        0.1      0.417      0.268      0.161      0.315
 101/399       17/17     0.109         0    0.0988     0.213      0.42        12       352        0.1      0.417      0.268      0.161      0.315
 102/399       17/17     0.105         0    0.0891     0.179     0.373        14       416      0.138      0.646      0.277      0.225      0.284
 103/399       17/17     0.102         0    0.0871     0.125     0.314         7       416      0.138      0.646      0.277      0.225      0.284
 104/399       17/17     0.101         0     0.085      0.16     0.345        12       416      0.138      0.646      0.277      0.225      0.284
 105/399       17/17       0.1         0    0.0837     0.158     0.342         7       416      0.166      0.766      0.385      0.272      0.274
 106/399       17/17     0.103         0    0.0924     0.157     0.353         7       320      0.166      0.766      0.385      0.272      0.274
 107/399       17/17     0.107         0     0.104      0.22     0.432         7       320      0.166      0.766      0.385      0.272      0.274
 108/399       17/17     0.108         0     0.104     0.247     0.459        13       320       0.18      0.766      0.348       0.29      0.301
 109/399       17/17     0.107         0     0.103      0.19       0.4         7       320       0.18      0.766      0.348       0.29      0.301
 110/399       17/17     0.105         0     0.101     0.208     0.414        13       320       0.18      0.766      0.348       0.29      0.301
 111/399       17/17     0.111         0    0.0719      0.29     0.473        12       640      0.118       0.76      0.315      0.202       0.31
 112/399       17/17     0.106         0    0.0679     0.176      0.35        13       640      0.118       0.76      0.315      0.202       0.31
 113/399       17/17     0.101         0    0.0671     0.196     0.364        13       640      0.118       0.76      0.315      0.202       0.31
 114/399       17/17     0.101         0    0.0647     0.224     0.389         7       640      0.141      0.739        0.3      0.232      0.312
 115/399       17/17     0.106         0    0.0833      0.19     0.379        12       320      0.141      0.739        0.3      0.232      0.312
 116/399       17/17     0.112         0    0.0997     0.238      0.45        14       320      0.141      0.739        0.3      0.232      0.312
 117/399       17/17     0.107         0     0.098     0.209     0.414        12       320      0.162       0.75       0.34      0.264      0.296
 118/399       17/17     0.111         0    0.0969     0.204     0.412         4       320      0.162       0.75       0.34      0.264      0.296
 119/399       17/17     0.108         0    0.0934     0.189      0.39        12       320      0.162       0.75       0.34      0.264      0.296
 120/399       17/17     0.104         0    0.0646     0.182     0.351         7       608      0.137      0.757      0.369      0.231      0.273
 121/399       17/17     0.104         0     0.064     0.199     0.368         8       608      0.137      0.757      0.369      0.231      0.273
 122/399       17/17       0.1         0    0.0629     0.207      0.37         8       608      0.137      0.757      0.369      0.231      0.273
 123/399       17/17    0.0987         0    0.0613     0.115     0.275        12       608      0.123      0.777      0.398       0.21      0.285
 124/399       17/17    0.0994         0    0.0676     0.178     0.345         5       448      0.123      0.777      0.398       0.21      0.285
 125/399       17/17     0.101         0    0.0748     0.176     0.351        12       448      0.123      0.777      0.398       0.21      0.285
 126/399       17/17    0.0991         0    0.0734     0.156     0.329         8       448      0.167      0.794      0.456      0.271      0.261
 127/399       17/17    0.0983         0    0.0712     0.135     0.305         5       448      0.167      0.794      0.456      0.271      0.261
 128/399       17/17    0.0976         0      0.07     0.124     0.291         7       512      0.167      0.794      0.456      0.271      0.261
 129/399       17/17    0.0961         0    0.0643     0.127     0.287        13       512      0.185      0.785      0.469      0.295      0.253
 130/399       17/17    0.0961         0    0.0638      0.11     0.269        12       512      0.185      0.785      0.469      0.295      0.253
 131/399       17/17    0.0937         0    0.0633     0.177     0.334         4       512      0.185      0.785      0.469      0.295      0.253
 132/399       17/17    0.0928         0    0.0618     0.122     0.277        13       512      0.187      0.804      0.476        0.3      0.249
 133/399       17/17    0.0925         0    0.0595     0.154     0.306         8       544      0.187      0.804      0.476        0.3      0.249
 134/399       17/17    0.0912         0    0.0583     0.145     0.295         7       544      0.187      0.804      0.476        0.3      0.249
 135/399       17/17    0.0908         0     0.057     0.123      0.27         3       544      0.198      0.786      0.441      0.313      0.246
 136/399       17/17    0.0901         0    0.0556     0.128     0.273        14       544      0.198      0.786      0.441      0.313      0.246
 137/399       17/17    0.0944         0    0.0653     0.137     0.297         8       320      0.198      0.786      0.441      0.313      0.246
 138/399       17/17     0.108         0    0.0933     0.211     0.412         7       320      0.196      0.826      0.412      0.313      0.245
 139/399       17/17     0.103         0    0.0892     0.274     0.466         4       320      0.196      0.826      0.412      0.313      0.245
 140/399       17/17     0.107         0    0.0874     0.162     0.356         7       320      0.196      0.826      0.412      0.313      0.245
 141/399       17/17     0.103         0    0.0873     0.192     0.382        14       320      0.186      0.827      0.431      0.302      0.266
 142/399       17/17    0.0979         0    0.0702     0.164     0.333         8       448      0.186      0.827      0.431      0.302      0.266
 143/399       17/17    0.0968         0    0.0662     0.175     0.338         8       448      0.186      0.827      0.431      0.302      0.266
 144/399       17/17     0.096         0    0.0675      0.18     0.344         7       448      0.172      0.809      0.463      0.279      0.275
 145/399       17/17    0.0951         0    0.0654     0.141     0.302        12       448      0.172      0.809      0.463      0.279      0.275
 146/399       17/17    0.0936         0    0.0643     0.119     0.277        12       480      0.172      0.809      0.463      0.279      0.275
 147/399       17/17    0.0919         0    0.0611     0.169     0.322         7       480      0.184        0.8       0.44      0.294      0.261
 148/399       17/17    0.0913         0      0.06     0.176     0.327         8       480      0.184        0.8       0.44      0.294      0.261
 149/399       17/17    0.0919         0    0.0605     0.148     0.301        12       480      0.184        0.8       0.44      0.294      0.261
 150/399       17/17    0.0907         0    0.0593    0.0878     0.238         8       480        0.2       0.82       0.44      0.313      0.252
 151/399       17/17    0.0896         0    0.0604     0.136     0.286         7       448        0.2       0.82       0.44      0.313      0.252
 152/399       17/17    0.0904         0    0.0612     0.154     0.305         7       448        0.2       0.82       0.44      0.313      0.252
 153/399       17/17    0.0885         0    0.0595     0.186     0.334        13       448      0.226      0.838       0.49      0.349      0.264
 154/399       17/17    0.0896         0     0.059     0.121     0.269        13       448      0.226      0.838       0.49      0.349      0.264
 155/399       17/17    0.0895         0    0.0557     0.122     0.267         7       576      0.226      0.838       0.49      0.349      0.264
 156/399       17/17    0.0885         0    0.0507     0.136     0.275         8       576      0.199      0.711      0.404      0.307      0.271
 157/399       17/17    0.0897         0    0.0516      0.14     0.281        13       576      0.199      0.711      0.404      0.307      0.271
 158/399       17/17     0.087         0    0.0506      0.15     0.287         7       576      0.199      0.711      0.404      0.307      0.271
 159/399       17/17    0.0844         0    0.0485    0.0868      0.22         8       576      0.191      0.807       0.47      0.304      0.259
 160/399       17/17    0.0869         0     0.048     0.121     0.256         8       608      0.191      0.807       0.47      0.304      0.259
 161/399       17/17    0.0836         0    0.0477    0.0858     0.217        14       608      0.191      0.807       0.47      0.304      0.259
 162/399       17/17    0.0837         0    0.0474     0.117     0.248         7       608       0.15      0.473      0.324      0.226      0.245
 163/399       17/17    0.0865         0    0.0475    0.0852     0.219         7       608       0.15      0.473      0.324      0.226      0.245
 164/399       17/17    0.0917         0    0.0577     0.132     0.281         8       384       0.15      0.473      0.324      0.226      0.245
 165/399       17/17    0.0931         0    0.0672     0.176     0.337         7       384      0.224      0.799      0.466      0.347      0.235
 166/399       17/17    0.0918         0    0.0655     0.128     0.285         4       384      0.224      0.799      0.466      0.347      0.235
 167/399       17/17    0.0922         0     0.066     0.143     0.301         7       384      0.224      0.799      0.466      0.347      0.235
 168/399       17/17    0.0894         0    0.0622     0.135     0.287         7       544       0.23      0.831      0.512      0.358      0.218
 169/399       17/17    0.0895         0    0.0493     0.133     0.272        13       544       0.23      0.831      0.512      0.358      0.218
 170/399       17/17    0.0939         0    0.0485     0.155     0.298         8       544       0.23      0.831      0.512      0.358      0.218
 171/399       17/17    0.0887         0    0.0483     0.145     0.282        13       544      0.206      0.808      0.468      0.324      0.219
 172/399       17/17    0.0848         0    0.0462     0.136     0.267         4       544      0.206      0.808      0.468      0.324      0.219
 173/399       17/17    0.0862         0    0.0491     0.119     0.255        12       512      0.206      0.808      0.468      0.324      0.219
 174/399       17/17    0.0859         0    0.0506      0.13     0.267        13       512      0.203      0.801      0.455      0.316      0.228
 175/399       17/17    0.0874         0    0.0489     0.121     0.257         5       512      0.203      0.801      0.455      0.316      0.228
 176/399       17/17    0.0847         0    0.0485     0.149     0.282         3       512      0.203      0.801      0.455      0.316      0.228
 177/399       17/17    0.0836         0    0.0491     0.105     0.237        13       512      0.245      0.852      0.524      0.372      0.221
 178/399       17/17    0.0849         0    0.0477     0.121     0.254         5       512      0.245      0.852      0.524      0.372      0.221
 179/399       17/17    0.0839         0    0.0482     0.117     0.249         8       512      0.245      0.852      0.524      0.372      0.221
 180/399       17/17    0.0836         0    0.0474     0.157     0.288        12       512      0.235      0.836      0.513       0.36      0.228
 181/399       17/17    0.0823         0    0.0473     0.195     0.325         7       512      0.235      0.836      0.513       0.36      0.228
 182/399       17/17    0.0806         0    0.0456     0.144      0.27         5       544      0.235      0.836      0.513       0.36      0.228
 183/399       17/17    0.0817         0    0.0443     0.148     0.274         5       544      0.226      0.822      0.503      0.348      0.233
 184/399       17/17    0.0795         0    0.0442    0.0958      0.22        14       544      0.226      0.822      0.503      0.348      0.233
 185/399       17/17    0.0804         0    0.0444     0.115      0.24        14       544      0.226      0.822      0.503      0.348      0.233
 186/399       17/17    0.0842         0     0.049     0.146     0.279        13       416      0.235      0.846      0.524      0.361      0.231
 187/399       17/17    0.0902         0    0.0584     0.188     0.336        13       416      0.235      0.846      0.524      0.361      0.231
 188/399       17/17    0.0889         0    0.0562     0.126     0.271         8       416      0.235      0.846      0.524      0.361      0.231
 189/399       17/17    0.0861         0    0.0574     0.127      0.27        11       416      0.237      0.853       0.55      0.361      0.271
 190/399       17/17    0.0865         0    0.0565     0.135     0.278         7       416      0.237      0.853       0.55      0.361      0.271
 191/399       17/17     0.102         0    0.0871     0.276     0.465         8       288      0.237      0.853       0.55      0.361      0.271
 192/399       17/17     0.105         0    0.0897      0.34     0.534         8       288      0.179      0.843      0.582      0.287      0.228
 193/399       17/17     0.104         0    0.0834     0.308     0.495         5       288      0.179      0.843      0.582      0.287      0.228
 194/399       17/17     0.106         0    0.0799     0.367     0.553         5       288      0.179      0.843      0.582      0.287      0.228
 195/399       17/17     0.112         0    0.0672     0.176     0.355         8       544      0.143      0.844      0.517      0.239      0.237
 196/399       17/17    0.0905         0    0.0492     0.106     0.246        12       544      0.143      0.844      0.517      0.239      0.237
 197/399       17/17    0.0965         0    0.0494     0.121     0.267         8       544      0.143      0.844      0.517      0.239      0.237
 198/399       17/17    0.0878         0    0.0463    0.0979     0.232        12       544      0.182      0.829      0.532       0.29      0.234
 199/399       17/17    0.0851         0    0.0447     0.109     0.238        12       544      0.182      0.829      0.532       0.29      0.234
 200/399       17/17     0.109         0    0.0782     0.267     0.454         8       288      0.182      0.829      0.532       0.29      0.234
 201/399       17/17     0.111         0    0.0797     0.287     0.478         4       288       0.19      0.804      0.497      0.296      0.225
 202/399       17/17     0.104         0     0.077     0.275     0.456         8       288       0.19      0.804      0.497      0.296      0.225
 203/399       17/17     0.108         0    0.0768      0.27     0.454         3       288       0.19      0.804      0.497      0.296      0.225
 204/399       17/17     0.101         0    0.0724      0.25     0.423         5       320      0.168      0.854      0.555      0.274      0.224
 205/399       17/17    0.0958         0    0.0691     0.195      0.36        14       320      0.168      0.854      0.555      0.274      0.224
 206/399       17/17    0.0964         0    0.0718     0.135     0.303         7       320      0.168      0.854      0.555      0.274      0.224
 207/399       17/17    0.0957         0    0.0681     0.204     0.368        14       320      0.171      0.864      0.639      0.277      0.229
 208/399       17/17    0.0949         0    0.0636      0.22     0.378         7       640      0.171      0.864      0.639      0.277      0.229
 209/399       17/17    0.0969         0    0.0454     0.201     0.343        14       640      0.171      0.864      0.639      0.277      0.229
 210/399       17/17     0.098         0    0.0469     0.117     0.262         7       640      0.143      0.769      0.404      0.236      0.225
 211/399       17/17    0.0911         0    0.0446     0.088     0.224         5       640      0.143      0.769      0.404      0.236      0.225
 212/399       17/17    0.0992         0    0.0438     0.134     0.277        14       640      0.143      0.769      0.404      0.236      0.225
 213/399       17/17    0.0933         0    0.0486    0.0912     0.233         7       480       0.19      0.836      0.471      0.301      0.222
 214/399       17/17    0.0871         0    0.0478     0.114     0.249        12       480       0.19      0.836      0.471      0.301      0.222
 215/399       17/17    0.0864         0    0.0484     0.113     0.247        13       480       0.19      0.836      0.471      0.301      0.222
 216/399       17/17     0.088         0    0.0466     0.145     0.279         5       480      0.217      0.843      0.497      0.332      0.219
 217/399       17/17    0.0841         0    0.0479     0.164     0.296         7       640      0.217      0.843      0.497      0.332      0.219
 218/399       17/17    0.0868         0    0.0426     0.118     0.247        12       640      0.217      0.843      0.497      0.332      0.219
 219/399       17/17    0.0809         0    0.0424     0.125     0.249        12       640      0.198      0.831      0.443      0.309      0.249
 220/399       17/17      0.08         0    0.0417     0.107     0.229        13       640      0.198      0.831      0.443      0.309      0.249
 221/399       17/17    0.0827         0    0.0405     0.135     0.258        14       640      0.198      0.831      0.443      0.309      0.249
 222/399       17/17    0.0784         0    0.0384     0.106     0.223        13       608      0.222      0.789       0.48      0.336      0.243
 223/399       17/17    0.0784         0    0.0392     0.156     0.274        12       608      0.222      0.789       0.48      0.336      0.243
 224/399       17/17    0.0793         0    0.0393     0.122     0.241         6       608      0.222      0.789       0.48      0.336      0.243
 225/399       17/17    0.0794         0    0.0394      0.11     0.229        13       608      0.232      0.709      0.446      0.342      0.237
 226/399       17/17    0.0756         0     0.038      0.13     0.244         4       608      0.232      0.709      0.446      0.342      0.237
 227/399       17/17    0.0768         0    0.0379     0.147     0.262        13       608      0.232      0.709      0.446      0.342      0.237
 228/399       17/17    0.0774         0    0.0373    0.0787     0.193         8       608      0.241      0.819      0.653      0.362       0.24
 229/399       17/17    0.0773         0    0.0384     0.174     0.289         7       608      0.241      0.819      0.653      0.362       0.24
 230/399       17/17    0.0758         0    0.0366    0.0964     0.209         7       608      0.241      0.819      0.653      0.362       0.24
 231/399       17/17     0.101         0    0.0713     0.245     0.417         7       288      0.242      0.851      0.595      0.364      0.225
 232/399       17/17     0.098         0    0.0782     0.266     0.442         7       288      0.242      0.851      0.595      0.364      0.225
 233/399       17/17     0.103         0    0.0737     0.259     0.436        14       288      0.242      0.851      0.595      0.364      0.225
 234/399       17/17     0.101         0    0.0702     0.244     0.415         5       288      0.185      0.856      0.613      0.296      0.245
 235/399       17/17    0.0951         0    0.0576     0.157     0.309         8       576      0.185      0.856      0.613      0.296      0.245
 236/399       17/17    0.0812         0    0.0394    0.0958     0.216         7       576      0.185      0.856      0.613      0.296      0.245
 237/399       17/17     0.083         0    0.0387     0.108      0.23         7       576      0.176      0.836      0.648      0.284      0.229
 238/399       17/17     0.079         0    0.0382     0.105     0.222         7       576      0.176      0.836      0.648      0.284      0.229
 239/399       17/17    0.0776         0    0.0377     0.136     0.252        13       576      0.176      0.836      0.648      0.284      0.229
 240/399       17/17    0.0837         0    0.0408     0.137     0.262        14       512      0.215      0.834      0.661      0.333      0.215
 241/399       17/17    0.0823         0    0.0402     0.116     0.239         7       512      0.215      0.834      0.661      0.333      0.215
 242/399       17/17    0.0782         0    0.0414     0.123     0.242         5       512      0.215      0.834      0.661      0.333      0.215
 243/399       17/17    0.0767         0    0.0398     0.113      0.23         8       512      0.236      0.838      0.655      0.353      0.221
 244/399       17/17     0.077         0    0.0431     0.136     0.256         7       448      0.236      0.838      0.655      0.353      0.221
 245/399       17/17    0.0785         0    0.0458     0.113     0.237        12       448      0.236      0.838      0.655      0.353      0.221
 246/399       17/17    0.0786         0    0.0457     0.115     0.239        12       448      0.245      0.864      0.674      0.367      0.219
 247/399       17/17    0.0781         0    0.0458     0.145     0.269        14       448      0.245      0.864      0.674      0.367      0.219
 248/399       17/17    0.0762         0    0.0449      0.12     0.241         5       384      0.245      0.864      0.674      0.367      0.219
 249/399       17/17     0.085         0    0.0507     0.117     0.253        13       384      0.236      0.882      0.638      0.359      0.203
 250/399       17/17    0.0832         0    0.0511     0.135      0.27        14       384      0.236      0.882      0.638      0.359      0.203
 251/399       17/17    0.0838         0    0.0502     0.145     0.279        14       384      0.236      0.882      0.638      0.359      0.203
 252/399       17/17    0.0819         0    0.0509     0.144     0.277        12       384      0.237      0.879      0.649      0.357      0.194
 253/399       17/17    0.0854         0    0.0416     0.111     0.238         7       640      0.237      0.879      0.649      0.357      0.194
 254/399       17/17     0.083         0    0.0395     0.094     0.217         6       640      0.237      0.879      0.649      0.357      0.194
 255/399       17/17     0.079         0    0.0364    0.0982     0.214         7       640      0.234      0.834      0.701      0.355      0.202
 256/399       17/17     0.079         0    0.0358     0.111     0.226         7       640      0.234      0.834      0.701      0.355      0.202
 257/399       17/17     0.076         0    0.0364      0.09     0.202         7       448      0.234      0.834      0.701      0.355      0.202
 258/399       17/17     0.081         0    0.0437      0.15     0.274         8       448      0.239      0.858      0.709      0.363      0.206
 259/399       17/17    0.0779         0    0.0439     0.116     0.238         7       448      0.239      0.858      0.709      0.363      0.206
 260/399       17/17    0.0789         0     0.043     0.118      0.24        12       448      0.239      0.858      0.709      0.363      0.206
 261/399       17/17    0.0781         0    0.0436     0.147     0.269         4       448      0.259      0.873      0.712      0.382      0.232
 262/399       17/17    0.0774         0    0.0382    0.0941      0.21        14       640      0.259      0.873      0.712      0.382      0.232
 263/399       17/17    0.0806         0     0.036     0.101     0.218         4       640      0.259      0.873      0.712      0.382      0.232
 264/399       17/17      0.08         0    0.0359     0.106     0.222        12       640      0.251       0.82      0.684       0.37      0.263
 265/399       17/17    0.0765         0    0.0335      0.12      0.23        12       640      0.251       0.82      0.684       0.37      0.263
 266/399       17/17     0.084         0    0.0447    0.0969     0.226         5       320      0.251       0.82      0.684       0.37      0.263
 267/399       17/17    0.0909         0    0.0609     0.202     0.354         7       320      0.246      0.886      0.673      0.371      0.252
 268/399       17/17    0.0876         0    0.0614     0.197     0.346         7       320      0.246      0.886      0.673      0.371      0.252
 269/399       17/17    0.0899         0    0.0609     0.157     0.308        14       320      0.246      0.886      0.673      0.371      0.252
 270/399       17/17    0.0889         0    0.0576     0.182     0.329        12       320       0.22      0.886      0.657      0.339      0.257
 271/399       17/17    0.0852         0    0.0473     0.153     0.286         8       384       0.22      0.886      0.657      0.339      0.257
 272/399       17/17    0.0828         0    0.0474      0.14      0.27        12       384       0.22      0.886      0.657      0.339      0.257
 273/399       17/17    0.0824         0     0.046     0.147     0.275         8       384      0.211      0.888      0.659      0.331      0.204
 274/399       17/17    0.0815         0    0.0479     0.131      0.26         5       384      0.211      0.888      0.659      0.331      0.204
 275/399       17/17    0.0812         0    0.0412     0.141     0.264         7       576      0.211      0.888      0.659      0.331      0.204
 276/399       17/17    0.0737         0    0.0341     0.132      0.24         7       576      0.227      0.869      0.744      0.347      0.224
 277/399       17/17    0.0723         0    0.0349    0.0965     0.204         4       576      0.227      0.869      0.744      0.347      0.224
 278/399       17/17    0.0755         0    0.0332      0.12     0.229         7       576      0.227      0.869      0.744      0.347      0.224
 279/399       17/17    0.0753         0    0.0334     0.143     0.251        13       576      0.225      0.816      0.706       0.34      0.228
 280/399       17/17     0.091         0    0.0451      0.12     0.256         8       384      0.225      0.816      0.706       0.34      0.228
 281/399       17/17    0.0827         0    0.0457     0.111     0.239         7       384      0.225      0.816      0.706       0.34      0.228
 282/399       17/17    0.0825         0    0.0451     0.155     0.282        12       384      0.242      0.884       0.73      0.367      0.189
 283/399       17/17    0.0779         0    0.0429     0.162     0.283         8       384      0.242      0.884       0.73      0.367      0.189
 284/399       17/17    0.0797         0    0.0433     0.216     0.339        14       384      0.242      0.884       0.73      0.367      0.189
 285/399       17/17    0.0775         0    0.0449     0.154     0.277         7       384      0.227      0.895      0.772      0.352      0.188
 286/399       17/17      0.08         0    0.0446     0.163     0.287         4       384      0.227      0.895      0.772      0.352      0.188
 287/399       17/17    0.0814         0    0.0333    0.0942     0.209        12       640          0          0          0          0          0
 288/399       17/17    0.0813         0    0.0346     0.116     0.232         7       480      0.227      0.858      0.778      0.349      0.199
 289/399       17/17    0.0857         0    0.0395    0.0901     0.215        13       480      0.227      0.858      0.778      0.349      0.199
 290/399       17/17    0.0809         0    0.0388     0.114     0.234         7       480      0.227      0.858      0.778      0.349      0.199
